                         TOTAL_ENROLLMENT  Percentage_Change
High_School  SchoolYear                                     
CENTRAL      19 - 20                 1398               1.00
             20 - 21                 1326               0.95
             21 - 22                 1238               0.89
             22 - 23                 1501               1.07
CODY         19 - 20                 6172               1.00
             20 - 21                 5722               0.93
             21 - 22                 5527               0.90
             22 - 23                 5658               0.92
DENBY        19 - 20                 3332               1.00
             20 - 21                 3214               0.96
             21 - 22                 2976               0.89
             22 - 23                 2961               0.89
EEVPA        19 - 20                 3178               1.00
             20 - 21                 2895               0.91
             21 - 22                 2806               0.88
             22 - 23                 2770               0.87
FORD         19 - 20                 3965               1.00
             20 - 21                 4008               1.01
             21 - 22                 3959               1.00
             22 - 23                 3987               1.01
MUMFORD      19 - 20                 4535               1.00
             20 - 21                 4306               0.95
             21 - 22                 4294               0.95
             22 - 23                 4597               1.01
NORTHWESTERN 19 - 20                 1939               1.00
             20 - 21                 1898               0.98
             21 - 22                 1692               0.87
             22 - 23                 1710               0.88
OSBORN       19 - 20                 2488               1.00
             20 - 21                 2362               0.95
             21 - 22                 2250               0.90
             22 - 23                 2308               0.93
PERSHING     19 - 20                 2410               1.00
             20 - 21                 2339               0.97
             21 - 22                 2155               0.89
             22 - 23                 2238               0.93
SOUTHEASTERN 19 - 20                 2940               1.00
             20 - 21                 3050               1.04
             21 - 22                 3055               1.04
             22 - 23                 3229               1.10
WESTERN      19 - 20                 6879               1.00
             20 - 21                 6776               0.99
             21 - 22                 6466               0.94
             22 - 23                 6756               0.98